%YAML:1.0
---
surface_count: 7
surfaces:
   -
      coefficients: !!opencv-matrix
         rows: 6
         cols: 1
         dt: f
         data: [ -0.000229068508, -3.25412402e-05, -7.31273303e-06,
             -0.524729788, -0.188698769, 106.93367 ]
      rmse: 0.069215238094329834
   -
      coefficients: !!opencv-matrix
         rows: 6
         cols: 1
         dt: f
         data: [ -0.000149787578, -6.98815302e-06, -3.27910948e-06,
             -0.527282596, -0.122226715, 107.234978 ]
      rmse: 0.06611921638250351
   -
      coefficients: !!opencv-matrix
         rows: 6
         cols: 1
         dt: f
         data: [ -6.81096208e-05, -2.35492098e-06, -8.72841724e-07,
             -0.5231812, -0.0572070405, 107.814087 ]
      rmse: 0.0481376051902771
   -
      coefficients: !!opencv-matrix
         rows: 6
         cols: 1
         dt: f
         data: [ 8.77085586e-06, -1.95863754e-06, -5.24079496e-06,
             -0.521661043, 0.0139250271, 106.626572 ]
      rmse: 0.046081054955720901
   -
      coefficients: !!opencv-matrix
         rows: 6
         cols: 1
         dt: f
         data: [ 8.75904807e-05, -5.70717521e-06, -2.70138139e-06,
             -0.522666812, 0.0782065988, 107.167709 ]
      rmse: 0.054754704236984253
   -
      coefficients: !!opencv-matrix
         rows: 6
         cols: 1
         dt: f
         data: [ 0.000170306841, -2.62721769e-05, -2.30985643e-06,
             -0.519481659, 0.146577492, 106.648308 ]
      rmse: 0.05748734250664711
   -
      coefficients: !!opencv-matrix
         rows: 6
         cols: 1
         dt: f
         data: [ 0.000236934633, -6.33048985e-05, 2.64744449e-06,
             -0.509771764, 0.213718712, 106.438576 ]
      rmse: 0.045511152595281601
