%YAML:1.0
---
# Time: 2025-08-07 16:06:31.215
# camera_info
camera_width: 2048
camera_height: 1200
camera_cameraMatrix: !!opencv-matrix
   rows: 3
   cols: 3
   dt: f
   data: [ 2.25021143e+03, 0., 1.03191138e+03, 0., 2.25010400e+03,
       6.16603027e+02, 0., 0., 1. ]
camera_distCoeffs: !!opencv-matrix
   rows: 1
   cols: 5
   dt: f
   data: [ -1.66284710e-01, 1.63948491e-01, -1.76200538e-03,
       4.71161969e-04, -6.27492904e-04 ]
camera_poses_num: 9
camera_rvecs_0: !!opencv-matrix
   rows: 3
   cols: 1
   dt: f
   data: [ -7.29289114e-01, 6.09048568e-02, 3.05215240e+00 ]
camera_rvecs_1: !!opencv-matrix
   rows: 3
   cols: 1
   dt: f
   data: [ -4.81948256e-02, -4.67043489e-01, -4.07004682e-03 ]
camera_rvecs_2: !!opencv-matrix
   rows: 3
   cols: 1
   dt: f
   data: [ 1.54143736e-01, -4.65493232e-01, 2.90344451e-02 ]
camera_rvecs_3: !!opencv-matrix
   rows: 3
   cols: 1
   dt: f
   data: [ -2.58266598e-01, -4.71129596e-01, -3.64524499e-02 ]
camera_rvecs_4: !!opencv-matrix
   rows: 3
   cols: 1
   dt: f
   data: [ -5.88409267e-02, -4.61318702e-01, -4.80830716e-03 ]
camera_rvecs_5: !!opencv-matrix
   rows: 3
   cols: 1
   dt: f
   data: [ -6.85087025e-01, 8.86897296e-02, 3.05811024e+00 ]
camera_rvecs_6: !!opencv-matrix
   rows: 3
   cols: 1
   dt: f
   data: [ -8.35282564e-01, 1.44424707e-01, 3.01808214e+00 ]
camera_rvecs_7: !!opencv-matrix
   rows: 3
   cols: 1
   dt: f
   data: [ 8.73759925e-01, -4.56901789e-02, -3.01693916e+00 ]
camera_rvecs_8: !!opencv-matrix
   rows: 3
   cols: 1
   dt: f
   data: [ -7.19470143e-01, 9.83750373e-02, 3.05362701e+00 ]
camera_tvecs_0: !!opencv-matrix
   rows: 3
   cols: 1
   dt: f
   data: [ 6.01851997e+01, 5.77493248e+01, 3.40690002e+02 ]
camera_tvecs_1: !!opencv-matrix
   rows: 3
   cols: 1
   dt: f
   data: [ -7.60988159e+01, -6.30018692e+01, 2.80033691e+02 ]
camera_tvecs_2: !!opencv-matrix
   rows: 3
   cols: 1
   dt: f
   data: [ -7.25780716e+01, -6.19087830e+01, 2.71352600e+02 ]
camera_tvecs_3: !!opencv-matrix
   rows: 3
   cols: 1
   dt: f
   data: [ -8.87976532e+01, -5.51211128e+01, 3.10404663e+02 ]
camera_tvecs_4: !!opencv-matrix
   rows: 3
   cols: 1
   dt: f
   data: [ -8.54917068e+01, -5.96107330e+01, 3.02491180e+02 ]
camera_tvecs_5: !!opencv-matrix
   rows: 3
   cols: 1
   dt: f
   data: [ 5.85555878e+01, 5.93391533e+01, 3.44921722e+02 ]
camera_tvecs_6: !!opencv-matrix
   rows: 3
   cols: 1
   dt: f
   data: [ 5.03407936e+01, 5.96009521e+01, 3.60880768e+02 ]
camera_tvecs_7: !!opencv-matrix
   rows: 3
   cols: 1
   dt: f
   data: [ 7.59031143e+01, 6.43804703e+01, 3.52871277e+02 ]
camera_tvecs_8: !!opencv-matrix
   rows: 3
   cols: 1
   dt: f
   data: [ 8.61811829e+01, 6.52897034e+01, 3.31589966e+02 ]
camera_rms_error: 7.5913009057814992e-02
# projector_info
projector_width: 2048
projector_height: 1200
projector_cameraMatrix: !!opencv-matrix
   rows: 3
   cols: 3
   dt: f
   data: [ 2.25119702e+03, 0., 1.00962567e+03, 0., 2.25049927e+03,
       5.99640259e+02, 0., 0., 1. ]
projector_distCoeffs: !!opencv-matrix
   rows: 1
   cols: 5
   dt: f
   data: [ -1.64942592e-01, 1.28217116e-01, -2.82711176e-06,
       -6.15450786e-04, 1.12007678e-01 ]
projector_poses_num: 9
projector_rvecs_0: !!opencv-matrix
   rows: 3
   cols: 1
   dt: f
   data: [ -3.13771397e-01, -5.17982841e-02, -3.10867977e+00 ]
projector_rvecs_1: !!opencv-matrix
   rows: 3
   cols: 1
   dt: f
   data: [ -4.21400405e-02, 2.03197584e-01, 1.85776670e-02 ]
projector_rvecs_2: !!opencv-matrix
   rows: 3
   cols: 1
   dt: f
   data: [ 1.57888219e-01, 2.04200670e-01, -1.64816473e-02 ]
projector_rvecs_3: !!opencv-matrix
   rows: 3
   cols: 1
   dt: f
   data: [ -2.48941436e-01, 1.94685191e-01, 5.66935875e-02 ]
projector_rvecs_4: !!opencv-matrix
   rows: 3
   cols: 1
   dt: f
   data: [ -5.22849374e-02, 2.08841279e-01, 2.13609859e-02 ]
projector_rvecs_5: !!opencv-matrix
   rows: 3
   cols: 1
   dt: f
   data: [ -3.57214481e-01, -7.98839703e-02, -3.10080576e+00 ]
projector_rvecs_6: !!opencv-matrix
   rows: 3
   cols: 1
   dt: f
   data: [ -2.02456594e-01, -1.30918995e-01, -3.10183668e+00 ]
projector_rvecs_7: !!opencv-matrix
   rows: 3
   cols: 1
   dt: f
   data: [ -1.66937783e-01, -3.47129777e-02, -3.12063193e+00 ]
projector_rvecs_8: !!opencv-matrix
   rows: 3
   cols: 1
   dt: f
   data: [ -3.22496265e-01, -8.67048725e-02, -3.09897614e+00 ]
projector_tvecs_0: !!opencv-matrix
   rows: 3
   cols: 1
   dt: f
   data: [ 5.52242241e+01, 5.64869690e+01, 3.05108795e+02 ]
projector_tvecs_1: !!opencv-matrix
   rows: 3
   cols: 1
   dt: f
   data: [ -8.84960022e+01, -6.53422852e+01, 3.41639038e+02 ]
projector_tvecs_2: !!opencv-matrix
   rows: 3
   cols: 1
   dt: f
   data: [ -9.11199493e+01, -6.42247849e+01, 3.32721130e+02 ]
projector_tvecs_3: !!opencv-matrix
   rows: 3
   cols: 1
   dt: f
   data: [ -7.96158218e+01, -5.75818672e+01, 3.73337158e+02 ]
projector_tvecs_4: !!opencv-matrix
   rows: 3
   cols: 1
   dt: f
   data: [ -8.19085846e+01, -6.20388603e+01, 3.65066376e+02 ]
projector_tvecs_5: !!opencv-matrix
   rows: 3
   cols: 1
   dt: f
   data: [ 5.65782280e+01, 5.80580902e+01, 3.09452972e+02 ]
projector_tvecs_6: !!opencv-matrix
   rows: 3
   cols: 1
   dt: f
   data: [ 6.00590858e+01, 5.82482071e+01, 3.27046539e+02 ]
projector_tvecs_7: !!opencv-matrix
   rows: 3
   cols: 1
   dt: f
   data: [ 7.50980377e+01, 6.32602615e+01, 3.04890778e+02 ]
projector_tvecs_8: !!opencv-matrix
   rows: 3
   cols: 1
   dt: f
   data: [ 6.99115372e+01, 6.42594452e+01, 2.81866150e+02 ]
projector_rms_error: 6.2516696770077582e-02
# scanner_info
R: !!opencv-matrix
   rows: 3
   cols: 3
   dt: f
   data: [ 7.83452213e-01, -6.09907135e-03, 6.21422052e-01,
       8.21894128e-03, 9.99966085e-01, -5.47588686e-04, -6.21397674e-01,
       5.53644123e-03, 7.83475816e-01 ]
T: !!opencv-matrix
   rows: 3
   cols: 1
   dt: f
   data: [ -2.03273209e+02, -1.56260133e+00, 7.52697144e+01 ]
E: !!opencv-matrix
   rows: 3
   cols: 3
   dt: f
   data: [ 3.52359444e-01, -7.52758102e+01, -1.18304348e+00,
       -6.73432693e+01, 6.66334867e-01, 2.06033905e+02, -4.46467131e-01,
       -2.03275848e+02, 1.08234513e+00 ]
F: !!opencv-matrix
   rows: 3
   cols: 3
   dt: f
   data: [ -4.72090900e-09, 1.00859290e-06, -5.81363100e-04,
       9.02544457e-07, -8.93074414e-09, -7.13934051e-03, -5.22969523e-04,
       5.11845527e-03, 1. ]
rms_error: 8.0464262735291309e-02
...
---
rmse_mm: 1.8049465748883855e-02
...
---
rmse_min_mm: 1.4743735043154465e-02
...
---
rmse_max_mm: 1.9895056105006664e-02
