%YAML:1.0
---
plane_count: 7
planes:
   -
      normal: [ -0.47885829210281372, -0.85853111743927002,
          -0.18335495889186859 ]
      d: 57.662925720214844
      mean_err: 0.53913509845733643
      max_err: 2.1842422485351562
   -
      normal: [ -0.48914206027984619, -0.86335855722427368,
          -0.12390325963497162 ]
      d: 58.487224578857422
      mean_err: 0.55763649940490723
      max_err: 2.0396156311035156
   -
      normal: [ -0.49301433563232422, -0.86762702465057373,
          -0.064500011503696442 ]
      d: 58.784992218017578
      mean_err: 0.37258520722389221
      max_err: 1.2635002136230469
   -
      normal: [ 0.49226811528205872, 0.87042486667633057,
          0.0057133533991873264 ]
      d: -58.979873657226562
      mean_err: 0.041552312672138214
      max_err: 0.1750640869140625
   -
      normal: [ -0.49361425638198853, -0.86803668737411499,
          0.053453285247087479 ]
      d: 59.244346618652344
      mean_err: 0.42974093556404114
      max_err: 1.4545440673828125
   -
      normal: [ -0.48951724171638489, -0.86456584930419922,
          0.11357244104146957 ]
      d: 58.36065673828125
      mean_err: 0.61393088102340698
      max_err: 2.1069793701171875
   -
      normal: [ -0.4785899817943573, -0.86089432239532471,
          0.1726631224155426 ]
      d: 56.8131103515625
      mean_err: 0.59885293245315552
      max_err: 2.4155960083007812
