%YAML:1.0
---
# Time: 2025-07-01 19:20:47.169
# camera_info
camera_width: 2048
camera_height: 1200
camera_cameraMatrix: !!opencv-matrix
   rows: 3
   cols: 3
   dt: f
   data: [ 2.24436768e+03, 0., 9.92966370e+02, 0., 2.24415771e+03,
       6.14118835e+02, 0., 0., 1. ]
camera_distCoeffs: !!opencv-matrix
   rows: 1
   cols: 5
   dt: f
   data: [ -1.78643689e-01, 2.81743944e-01, 2.88801402e-06,
       -1.27611511e-05, -4.75550175e-01 ]
camera_poses_num: 5
camera_rvecs_0: !!opencv-matrix
   rows: 3
   cols: 1
   dt: f
   data: [ -1.75256524e-02, -1.60821602e-01, -4.39953478e-03 ]
camera_rvecs_1: !!opencv-matrix
   rows: 3
   cols: 1
   dt: f
   data: [ -1.79333329e-01, -1.44710898e-01, -4.62596677e-02 ]
camera_rvecs_2: !!opencv-matrix
   rows: 3
   cols: 1
   dt: f
   data: [ 3.33355278e-01, -2.59309500e-01, 6.40139356e-02 ]
camera_rvecs_3: !!opencv-matrix
   rows: 3
   cols: 1
   dt: f
   data: [ -5.73027227e-03, -2.09431276e-01, -3.60931270e-03 ]
camera_rvecs_4: !!opencv-matrix
   rows: 3
   cols: 1
   dt: f
   data: [ -4.76577461e-01, 1.73721164e-02, 3.10053515e+00 ]
camera_tvecs_0: !!opencv-matrix
   rows: 3
   cols: 1
   dt: f
   data: [ -2.56749229e+01, -6.73644257e+01, 3.13440460e+02 ]
camera_tvecs_1: !!opencv-matrix
   rows: 3
   cols: 1
   dt: f
   data: [ -2.55558720e+01, -5.65862007e+01, 3.14031555e+02 ]
camera_tvecs_2: !!opencv-matrix
   rows: 3
   cols: 1
   dt: f
   data: [ -1.59814024e+01, -5.56913223e+01, 2.78366302e+02 ]
camera_tvecs_3: !!opencv-matrix
   rows: 3
   cols: 1
   dt: f
   data: [ -1.88002930e+01, -6.08431168e+01, 2.89199585e+02 ]
camera_tvecs_4: !!opencv-matrix
   rows: 3
   cols: 1
   dt: f
   data: [ 1.21429993e+02, 5.58964958e+01, 3.43008667e+02 ]
camera_rms_error: 6.4175407684434943e-02
# projector_info
projector_width: 2048
projector_height: 1200
projector_cameraMatrix: !!opencv-matrix
   rows: 3
   cols: 3
   dt: f
   data: [ 2.25113428e+03, 0., 1.06492102e+03, 0., 2.25099976e+03,
       5.86931213e+02, 0., 0., 1. ]
projector_distCoeffs: !!opencv-matrix
   rows: 1
   cols: 5
   dt: f
   data: [ -1.57501742e-01, 1.02060124e-01, -1.82707281e-05,
       1.08516520e-04, -1.79554503e-02 ]
projector_poses_num: 5
projector_rvecs_0: !!opencv-matrix
   rows: 3
   cols: 1
   dt: f
   data: [ -2.41370965e-02, 5.08908153e-01, 9.65370145e-03 ]
projector_rvecs_1: !!opencv-matrix
   rows: 3
   cols: 1
   dt: f
   data: [ -1.92747653e-01, 5.22589982e-01, 2.35615466e-02 ]
projector_rvecs_2: !!opencv-matrix
   rows: 3
   cols: 1
   dt: f
   data: [ 3.31736058e-01, 4.05566871e-01, -4.11215574e-02 ]
projector_rvecs_3: !!opencv-matrix
   rows: 3
   cols: 1
   dt: f
   data: [ -1.22511527e-02, 4.60588574e-01, 6.71286276e-03 ]
projector_rvecs_4: !!opencv-matrix
   rows: 3
   cols: 1
   dt: f
   data: [ -5.68281651e-01, -2.69441847e-02, -3.08176064e+00 ]
projector_tvecs_0: !!opencv-matrix
   rows: 3
   cols: 1
   dt: f
   data: [ -4.26459045e+01, -6.44553833e+01, 3.35928314e+02 ]
projector_tvecs_1: !!opencv-matrix
   rows: 3
   cols: 1
   dt: f
   data: [ -4.22641792e+01, -5.36782188e+01, 3.36281189e+02 ]
projector_tvecs_2: !!opencv-matrix
   rows: 3
   cols: 1
   dt: f
   data: [ -5.69111671e+01, -5.30305710e+01, 3.02420685e+02 ]
projector_tvecs_3: !!opencv-matrix
   rows: 3
   cols: 1
   dt: f
   data: [ -5.23472061e+01, -5.81095886e+01, 3.12672089e+02 ]
projector_tvecs_4: !!opencv-matrix
   rows: 3
   cols: 1
   dt: f
   data: [ 8.99109421e+01, 5.97848396e+01, 2.67356903e+02 ]
projector_rms_error: 3.3887560962506491e-01
# scanner_info
R: !!opencv-matrix
   rows: 3
   cols: 3
   dt: f
   data: [ 7.83806860e-01, -9.19366628e-03, 6.20936632e-01,
       4.97826515e-03, 9.99951303e-01, 8.52135383e-03, -6.20984733e-01,
       -3.58790834e-03, 7.83814490e-01 ]
T: !!opencv-matrix
   rows: 3
   cols: 1
   dt: f
   data: [ -2.17749023e+02, 3.59644949e-01, 7.40843124e+01 ]
E: !!opencv-matrix
   rows: 3
   cols: 3
   dt: f
   data: [ -5.92145324e-01, -7.40819931e+01, -3.49403679e-01,
       -7.71510162e+01, -1.46236992e+00, 2.16676483e+02, -1.36590457e+00,
       -2.17735107e+02, -2.07883310e+00 ]
F: !!opencv-matrix
   rows: 3
   cols: 3
   dt: f
   data: [ 6.91827662e-09, 8.65611241e-07, -5.29295765e-04,
       9.01440785e-07, 1.70880874e-08, -6.58759568e-03, -5.00526628e-04,
       4.79533337e-03, 1. ]
rms_error: 2.4528197285656084e-01
