%YAML:1.0
---
surface_count: 7
surfaces:
   -
      coefficients: !!opencv-matrix
         rows: 6
         cols: 1
         dt: d
         data: [ -0.00026280002091362456, -3.4421708375794249e-05,
             3.5076350531385806e-07, -0.52471570096884534,
             -0.20243481345686326, 109.21862626215571 ]
      rmse: 0.048604641080863834
   -
      coefficients: !!opencv-matrix
         rows: 6
         cols: 1
         dt: d
         data: [ -0.00016947964201843719, -1.4328743758300474e-05,
             5.1402569118920915e-06, -0.52261953871270261,
             -0.136649033258956, 109.63174639385103 ]
      rmse: 0.047789498904216569
   -
      coefficients: !!opencv-matrix
         rows: 6
         cols: 1
         dt: d
         data: [ -7.8301191725148135e-05, -4.6774735253954857e-06,
             -9.4449045599971637e-07, -0.52051433638663802,
             -0.06352566831502704, 108.13913915713975 ]
      rmse: 0.041019627838210261
   -
      coefficients: !!opencv-matrix
         rows: 6
         cols: 1
         dt: d
         data: [ 9.9753264635791943e-06, -6.5802448219476079e-07,
             -1.8941520599260716e-06, -0.52052748270984339,
             0.0037090563407881083, 107.86126173189636 ]
      rmse: 0.04128368417741754
   -
      coefficients: !!opencv-matrix
         rows: 6
         cols: 1
         dt: d
         data: [ 9.9212865694901748e-05, 7.6641033093922636e-06,
             -6.2539863265364051e-06, -0.52715210474987573,
             0.074354801184604802, 106.75031931970743 ]
      rmse: 0.046058271538899985
   -
      coefficients: !!opencv-matrix
         rows: 6
         cols: 1
         dt: d
         data: [ 0.00019884323298472413, -5.3435805149426412e-06,
             5.9609778922505236e-06, -0.52876164558787375,
             0.13076597385761785, 109.07674541377763 ]
      rmse: 0.046008815413416025
   -
      coefficients: !!opencv-matrix
         rows: 6
         cols: 1
         dt: d
         data: [ 0.00030204692818304582, -4.0161942949039012e-05,
             3.3154747341529673e-06, -0.52549338629378717,
             0.2040567710079445, 107.65855557270663 ]
      rmse: 0.044001579417537143
