%YAML:1.0
---
surface_count: 7
surfaces:
   -
      coefficients: !!opencv-matrix
         rows: 6
         cols: 1
         dt: f
         data: [ -0.000336655474, -1.43325578e-05, 5.39308076e-06,
             -0.536730528, -0.207500473, 109.329521 ]
      rmse: 0.053847052156925201
   -
      coefficients: !!opencv-matrix
         rows: 6
         cols: 1
         dt: f
         data: [ -0.000215006527, -9.13379881e-06, 3.5840967e-06,
             -0.52671361, -0.136737585, 108.764252 ]
      rmse: 0.037233404815196991
   -
      coefficients: !!opencv-matrix
         rows: 6
         cols: 1
         dt: f
         data: [ -9.85507722e-05, -7.00964574e-06, -3.50191165e-08,
             -0.52073586, -0.066559799, 107.977028 ]
      rmse: 0.025240266695618629
   -
      coefficients: !!opencv-matrix
         rows: 6
         cols: 1
         dt: f
         data: [ 1.48148874e-05, -3.90445302e-06, -5.60594799e-06,
             -0.51995796, 0.00414464576, 106.928558 ]
      rmse: 0.022526737302541733
   -
      coefficients: !!opencv-matrix
         rows: 6
         cols: 1
         dt: f
         data: [ 0.000129035863, -7.52203789e-07, -8.46100102e-06,
             -0.523815334, 0.0727985427, 106.26973 ]
      rmse: 0.029534041881561279
   -
      coefficients: !!opencv-matrix
         rows: 6
         cols: 1
         dt: f
         data: [ 0.000247045566, -2.07402195e-06, -8.03547664e-06,
             -0.53086859, 0.139957637, 106.037949 ]
      rmse: 0.042465116828680038
   -
      coefficients: !!opencv-matrix
         rows: 6
         cols: 1
         dt: f
         data: [ 0.000377577206, -3.43509819e-05, 2.24767541e-06,
             -0.532066822, 0.202602312, 106.808472 ]
      rmse: 0.04463861882686615
