%YAML:1.0
---
# Time: 2025-07-30 17:21:36.281
# camera_info
camera_width: 2048
camera_height: 1200
camera_cameraMatrix: !!opencv-matrix
   rows: 3
   cols: 3
   dt: f
   data: [ 2.25206567e+03, 0., 1.03886108e+03, 0., 2.25184888e+03,
       6.12583313e+02, 0., 0., 1. ]
camera_distCoeffs: !!opencv-matrix
   rows: 1
   cols: 5
   dt: f
   data: [ -1.70517698e-01, 1.85662135e-01, -2.05084682e-03,
       5.37976506e-04, 3.60892760e-03 ]
camera_poses_num: 7
camera_rvecs_0: !!opencv-matrix
   rows: 3
   cols: 1
   dt: f
   data: [ -7.26151168e-01, 1.56049207e-01, 3.02786899e+00 ]
camera_rvecs_1: !!opencv-matrix
   rows: 3
   cols: 1
   dt: f
   data: [ -3.88847798e-01, 1.66780815e-01, 3.11094332e+00 ]
camera_rvecs_2: !!opencv-matrix
   rows: 3
   cols: 1
   dt: f
   data: [ -6.82316899e-01, 1.64222866e-01, 3.04026818e+00 ]
camera_rvecs_3: !!opencv-matrix
   rows: 3
   cols: 1
   dt: f
   data: [ 1.40331807e-02, -4.59817171e-01, 4.12045699e-03 ]
camera_rvecs_4: !!opencv-matrix
   rows: 3
   cols: 1
   dt: f
   data: [ 2.77039222e-02, -5.09690464e-01, 5.57378633e-03 ]
camera_rvecs_5: !!opencv-matrix
   rows: 3
   cols: 1
   dt: f
   data: [ 6.49420023e-01, 3.73666883e-02, -3.06514263e+00 ]
camera_rvecs_6: !!opencv-matrix
   rows: 3
   cols: 1
   dt: f
   data: [ 4.59096849e-01, 3.52315828e-02, -3.09508085e+00 ]
camera_tvecs_0: !!opencv-matrix
   rows: 3
   cols: 1
   dt: f
   data: [ 7.91111984e+01, 6.25467758e+01, 3.59952911e+02 ]
camera_tvecs_1: !!opencv-matrix
   rows: 3
   cols: 1
   dt: f
   data: [ 9.52635269e+01, 6.39454269e+01, 3.35967133e+02 ]
camera_tvecs_2: !!opencv-matrix
   rows: 3
   cols: 1
   dt: f
   data: [ 6.59331894e+01, 6.26127739e+01, 3.53427979e+02 ]
camera_tvecs_3: !!opencv-matrix
   rows: 3
   cols: 1
   dt: f
   data: [ -5.94539223e+01, -5.74296989e+01, 2.76733429e+02 ]
camera_tvecs_4: !!opencv-matrix
   rows: 3
   cols: 1
   dt: f
   data: [ -5.00137482e+01, -5.70532990e+01, 2.74266479e+02 ]
camera_tvecs_5: !!opencv-matrix
   rows: 3
   cols: 1
   dt: f
   data: [ 7.20500870e+01, 6.32687798e+01, 3.54922729e+02 ]
camera_tvecs_6: !!opencv-matrix
   rows: 3
   cols: 1
   dt: f
   data: [ 8.23005219e+01, 6.45934906e+01, 3.30746094e+02 ]
camera_rms_error: 7.1490232504131279e-02
# projector_info
projector_width: 2048
projector_height: 1200
projector_cameraMatrix: !!opencv-matrix
   rows: 3
   cols: 3
   dt: f
   data: [ 2.25528955e+03, 0., 1.00306458e+03, 0., 2.25490479e+03,
       5.96626343e+02, 0., 0., 1. ]
projector_distCoeffs: !!opencv-matrix
   rows: 1
   cols: 5
   dt: f
   data: [ -1.64181113e-01, 6.86876848e-02, -2.97964114e-04,
       -6.72944007e-04, 4.93496925e-01 ]
projector_poses_num: 7
projector_rvecs_0: !!opencv-matrix
   rows: 3
   cols: 1
   dt: f
   data: [ -2.99291968e-01, -1.54297844e-01, -3.11214709e+00 ]
projector_rvecs_1: !!opencv-matrix
   rows: 3
   cols: 1
   dt: f
   data: [ -6.37114882e-01, -1.51313528e-01, -3.03728938e+00 ]
projector_rvecs_2: !!opencv-matrix
   rows: 3
   cols: 1
   dt: f
   data: [ -3.44076067e-01, -1.60548672e-01, -3.10294986e+00 ]
projector_rvecs_3: !!opencv-matrix
   rows: 3
   cols: 1
   dt: f
   data: [ 1.81815624e-02, 2.02623218e-01, 7.14256486e-04 ]
projector_rvecs_4: !!opencv-matrix
   rows: 3
   cols: 1
   dt: f
   data: [ 3.14288214e-02, 1.52818412e-01, -2.47645192e-03 ]
projector_rvecs_5: !!opencv-matrix
   rows: 3
   cols: 1
   dt: f
   data: [ -3.83537084e-01, 4.55746241e-02, -3.11628175e+00 ]
projector_rvecs_6: !!opencv-matrix
   rows: 3
   cols: 1
   dt: f
   data: [ -5.73484063e-01, 4.54646014e-02, -3.08216310e+00 ]
projector_tvecs_0: !!opencv-matrix
   rows: 3
   cols: 1
   dt: f
   data: [ 8.00682220e+01, 6.08520851e+01, 3.11562958e+02 ]
projector_tvecs_1: !!opencv-matrix
   rows: 3
   cols: 1
   dt: f
   data: [ 7.80514908e+01, 6.23723450e+01, 2.82750488e+02 ]
projector_tvecs_2: !!opencv-matrix
   rows: 3
   cols: 1
   dt: f
   data: [ 6.56627121e+01, 6.08902054e+01, 3.14534149e+02 ]
projector_tvecs_3: !!opencv-matrix
   rows: 3
   cols: 1
   dt: f
   data: [ -8.02567291e+01, -5.93511200e+01, 3.30703644e+02 ]
projector_tvecs_4: !!opencv-matrix
   rows: 3
   cols: 1
   dt: f
   data: [ -7.43242950e+01, -5.89353371e+01, 3.22970856e+02 ]
projector_tvecs_5: !!opencv-matrix
   rows: 3
   cols: 1
   dt: f
   data: [ 7.14225082e+01, 6.15626717e+01, 3.11968689e+02 ]
projector_tvecs_6: !!opencv-matrix
   rows: 3
   cols: 1
   dt: f
   data: [ 6.46314774e+01, 6.29896736e+01, 2.86601898e+02 ]
projector_rms_error: 6.9170986885608077e-02
# scanner_info
R: !!opencv-matrix
   rows: 3
   cols: 3
   dt: f
   data: [ 7.88483858e-01, -9.62063787e-04, 6.15054667e-01,
       3.30171688e-03, 9.99991000e-01, -2.66853580e-03, -6.15046561e-01,
       4.13483381e-03, 7.88479924e-01 ]
T: !!opencv-matrix
   rows: 3
   cols: 1
   dt: f
   data: [ -2.03631104e+02, -9.92746174e-01, 7.61711426e+01 ]
E: !!opencv-matrix
   rows: 3
   cols: 3
   dt: f
   data: [ 3.59089553e-01, -7.61745605e+01, -5.79495013e-01,
       -6.51828842e+01, 7.68699288e-01, 2.07408463e+02, 1.10432096e-01,
       -2.03630219e+02, 1.15399003e+00 ]
F: !!opencv-matrix
   rows: 3
   cols: 3
   dt: f
   data: [ -4.66172478e-09, 9.88998522e-07, -5.84058755e-04,
       8.46353032e-07, -9.98196903e-09, -6.93805376e-03, -5.03513787e-04,
       4.97645093e-03, 1. ]
rms_error: 7.3595325797407574e-02
...
---
rmse_mm: 1.8000714775931140e-02
...
---
rmse_min_mm: 1.6500885357454843e-02
...
---
rmse_max_mm: 1.9553850061668158e-02
