%YAML:1.0
---
surface_count: 7
surfaces:
   -
      coefficients: !!opencv-matrix
         rows: 6
         cols: 1
         dt: f
         data: [ -0.000330135663, -1.60881409e-05, 5.10757127e-06,
             -0.537053645, -0.200246319, 109.128021 ]
      rmse: 0.068042337894439697
   -
      coefficients: !!opencv-matrix
         rows: 6
         cols: 1
         dt: f
         data: [ -0.000207011617, -4.09887616e-06, 7.68945301e-06,
             -0.529716909, -0.132671624, 109.182472 ]
      rmse: 0.050892610102891922
   -
      coefficients: !!opencv-matrix
         rows: 6
         cols: 1
         dt: f
         data: [ -9.43219056e-05, -5.74884052e-06, 6.0061102e-06,
             -0.522552073, -0.0642295778, 108.856461 ]
      rmse: 0.027890253812074661
   -
      coefficients: !!opencv-matrix
         rows: 6
         cols: 1
         dt: f
         data: [ 1.42111076e-05, -7.90447132e-07, 9.06850858e-07,
             -0.522841215, 0.00601434102, 108.024094 ]
      rmse: 0.022812776267528534
   -
      coefficients: !!opencv-matrix
         rows: 6
         cols: 1
         dt: f
         data: [ 0.000123268968, -3.26161921e-06, -6.35965171e-06,
             -0.52486366, 0.0780792236, 106.839684 ]
      rmse: 0.032561838626861572
   -
      coefficients: !!opencv-matrix
         rows: 6
         cols: 1
         dt: f
         data: [ 0.000239685702, -7.64584729e-06, -3.6836268e-06,
             -0.531235516, 0.14336817, 107.142883 ]
      rmse: 0.061375457793474197
   -
      coefficients: !!opencv-matrix
         rows: 6
         cols: 1
         dt: f
         data: [ 0.000371282396, -2.87727507e-05, 5.44212014e-07,
             -0.537327886, 0.210390255, 107.301308 ]
      rmse: 0.091954931616783142
