%YAML:1.0
---
# Time: 2025-10-13 15:56:20.224
# camera_info
camera_width: 2048
camera_height: 1200
camera_cameraMatrix: !!opencv-matrix
   rows: 3
   cols: 3
   dt: f
   data: [ 2.25350879e+03, 0., 1.04149036e+03, 0., 2.25303394e+03,
       6.17211914e+02, 0., 0., 1. ]
camera_distCoeffs: !!opencv-matrix
   rows: 1
   cols: 5
   dt: f
   data: [ -1.67540804e-01, 2.03534499e-01, -1.63185189e-03,
       3.78519238e-04, -2.40561679e-01 ]
camera_poses_num: 80
camera_rvecs_0: !!opencv-matrix
   rows: 3
   cols: 1
   dt: f
   data: [ -1.43938204e-02, 1.31022349e-01, -3.11100245e+00 ]
camera_rvecs_1: !!opencv-matrix
   rows: 3
   cols: 1
   dt: f
   data: [ 1.07046217e-03, 2.47645423e-01, 3.07305121e+00 ]
camera_rvecs_2: !!opencv-matrix
   rows: 3
   cols: 1
   dt: f
   data: [ -1.95752624e-02, 4.66323972e-01, -2.99685168e+00 ]
camera_rvecs_3: !!opencv-matrix
   rows: 3
   cols: 1
   dt: f
   data: [ -2.27371042e-04, -8.80546635e-04, -3.14156151e+00 ]
camera_rvecs_4: !!opencv-matrix
   rows: 3
   cols: 1
   dt: f
   data: [ -3.74993519e-03, 4.72955942e-01, 3.00347781e+00 ]
camera_rvecs_5: !!opencv-matrix
   rows: 3
   cols: 1
   dt: f
   data: [ 3.45465471e-03, 4.73919988e-01, -3.00733733e+00 ]
camera_rvecs_6: !!opencv-matrix
   rows: 3
   cols: 1
   dt: f
   data: [ -1.13649305e-03, 2.50306726e-01, -3.08490682e+00 ]
camera_rvecs_7: !!opencv-matrix
   rows: 3
   cols: 1
   dt: f
   data: [ 3.40253441e-03, 4.62482333e-01, 2.99958491e+00 ]
camera_rvecs_8: !!opencv-matrix
   rows: 3
   cols: 1
   dt: f
   data: [ 3.86277633e-03, 6.00944996e-01, -2.95757937e+00 ]
camera_rvecs_9: !!opencv-matrix
   rows: 3
   cols: 1
   dt: f
   data: [ -4.24501859e-03, 1.14551693e-01, -3.11895490e+00 ]
camera_rvecs_10: !!opencv-matrix
   rows: 3
   cols: 1
   dt: f
   data: [ -1.17043015e-02, 5.98452568e-01, -2.94661188e+00 ]
camera_rvecs_11: !!opencv-matrix
   rows: 3
   cols: 1
   dt: f
   data: [ 2.31195986e-02, 3.01117957e-01, 3.05546474e+00 ]
camera_rvecs_12: !!opencv-matrix
   rows: 3
   cols: 1
   dt: f
   data: [ -2.51493864e-02, 8.19956958e-02, -3.12871480e+00 ]
camera_rvecs_13: !!opencv-matrix
   rows: 3
   cols: 1
   dt: f
   data: [ 2.48717722e-02, 5.04062712e-01, 2.97795916e+00 ]
camera_rvecs_14: !!opencv-matrix
   rows: 3
   cols: 1
   dt: f
   data: [ -2.09587850e-02, 4.18333858e-01, -3.02739811e+00 ]
camera_rvecs_15: !!opencv-matrix
   rows: 3
   cols: 1
   dt: f
   data: [ -2.18357611e-02, 1.42990440e-01, -3.11274147e+00 ]
camera_rvecs_16: !!opencv-matrix
   rows: 3
   cols: 1
   dt: f
   data: [ 1.79161895e-02, 4.24535036e-01, 3.01050401e+00 ]
camera_rvecs_17: !!opencv-matrix
   rows: 3
   cols: 1
   dt: f
   data: [ -9.82245617e-03, 4.97614682e-01, -3.00066662e+00 ]
camera_rvecs_18: !!opencv-matrix
   rows: 3
   cols: 1
   dt: f
   data: [ 5.18398080e-03, 1.35511532e-01, -3.11525583e+00 ]
camera_rvecs_19: !!opencv-matrix
   rows: 3
   cols: 1
   dt: f
   data: [ -3.53686605e-03, 2.24875689e-01, 3.08167100e+00 ]
camera_rvecs_20: !!opencv-matrix
   rows: 3
   cols: 1
   dt: f
   data: [ -4.87410137e-03, 3.47087353e-01, -3.04066372e+00 ]
camera_rvecs_21: !!opencv-matrix
   rows: 3
   cols: 1
   dt: f
   data: [ -6.98144687e-03, 8.84704944e-03, -3.14128804e+00 ]
camera_rvecs_22: !!opencv-matrix
   rows: 3
   cols: 1
   dt: f
   data: [ 2.07864400e-03, 5.11468410e-01, 2.98083782e+00 ]
camera_rvecs_23: !!opencv-matrix
   rows: 3
   cols: 1
   dt: f
   data: [ 8.56513216e-04, 4.59100693e-01, -3.01271892e+00 ]
camera_rvecs_24: !!opencv-matrix
   rows: 3
   cols: 1
   dt: f
   data: [ 3.57341627e-03, 4.78872620e-02, 3.11618090e+00 ]
camera_rvecs_25: !!opencv-matrix
   rows: 3
   cols: 1
   dt: f
   data: [ 5.26014436e-03, 5.16544878e-01, 2.96963835e+00 ]
camera_rvecs_26: !!opencv-matrix
   rows: 3
   cols: 1
   dt: f
   data: [ -3.29221133e-03, 4.63153958e-01, -3.01869726e+00 ]
camera_rvecs_27: !!opencv-matrix
   rows: 3
   cols: 1
   dt: f
   data: [ -1.20928539e-02, 6.53001145e-02, -3.13196492e+00 ]
camera_rvecs_28: !!opencv-matrix
   rows: 3
   cols: 1
   dt: f
   data: [ 1.12321842e-02, 5.53259790e-01, 2.96962690e+00 ]
camera_rvecs_29: !!opencv-matrix
   rows: 3
   cols: 1
   dt: f
   data: [ -1.41392183e-02, 4.34627503e-01, -3.01934767e+00 ]
camera_rvecs_30: !!opencv-matrix
   rows: 3
   cols: 1
   dt: f
   data: [ 9.28203389e-03, 7.91085139e-02, 3.11903310e+00 ]
camera_rvecs_31: !!opencv-matrix
   rows: 3
   cols: 1
   dt: f
   data: [ 1.63307711e-02, 6.15638614e-01, 2.94025397e+00 ]
camera_rvecs_32: !!opencv-matrix
   rows: 3
   cols: 1
   dt: f
   data: [ -1.34374043e-02, 4.30390954e-01, -3.02127123e+00 ]
camera_rvecs_33: !!opencv-matrix
   rows: 3
   cols: 1
   dt: f
   data: [ 1.41578494e-02, 1.55105278e-01, 3.09068680e+00 ]
camera_rvecs_34: !!opencv-matrix
   rows: 3
   cols: 1
   dt: f
   data: [ -1.54688386e-02, 4.55716997e-01, -3.02111936e+00 ]
camera_rvecs_35: !!opencv-matrix
   rows: 3
   cols: 1
   dt: f
   data: [ 1.42444158e-02, 5.70773840e-01, 2.94898057e+00 ]
camera_rvecs_36: !!opencv-matrix
   rows: 3
   cols: 1
   dt: f
   data: [ -3.08916122e-02, 1.46685615e-01, -3.10323834e+00 ]
camera_rvecs_37: !!opencv-matrix
   rows: 3
   cols: 1
   dt: f
   data: [ 2.69541256e-02, 4.16283935e-01, 3.02703547e+00 ]
camera_rvecs_38: !!opencv-matrix
   rows: 3
   cols: 1
   dt: f
   data: [ -2.12908927e-02, 5.42354345e-01, -2.97271180e+00 ]
camera_rvecs_39: !!opencv-matrix
   rows: 3
   cols: 1
   dt: f
   data: [ 1.40746648e-03, 1.50656089e-01, 3.10252213e+00 ]
camera_rvecs_40: !!opencv-matrix
   rows: 3
   cols: 1
   dt: f
   data: [ 1.10322051e-02, 4.62962568e-01, -2.98602676e+00 ]
camera_rvecs_41: !!opencv-matrix
   rows: 3
   cols: 1
   dt: f
   data: [ -2.84276921e-02, 5.09672225e-01, 2.96421909e+00 ]
camera_rvecs_42: !!opencv-matrix
   rows: 3
   cols: 1
   dt: f
   data: [ -7.72588840e-03, 6.77426383e-02, -3.12070131e+00 ]
camera_rvecs_43: !!opencv-matrix
   rows: 3
   cols: 1
   dt: f
   data: [ -9.15874727e-03, 6.01397336e-01, 2.93629217e+00 ]
camera_rvecs_44: !!opencv-matrix
   rows: 3
   cols: 1
   dt: f
   data: [ -1.07086319e-02, 4.71642256e-01, -2.99155879e+00 ]
camera_rvecs_45: !!opencv-matrix
   rows: 3
   cols: 1
   dt: f
   data: [ -6.01234147e-03, 3.65819894e-02, 3.13556671e+00 ]
camera_rvecs_46: !!opencv-matrix
   rows: 3
   cols: 1
   dt: f
   data: [ -1.18853757e-02, 5.66732228e-01, 2.96134782e+00 ]
camera_rvecs_47: !!opencv-matrix
   rows: 3
   cols: 1
   dt: f
   data: [ -7.49461679e-03, 3.93645287e-01, -3.02055883e+00 ]
camera_rvecs_48: !!opencv-matrix
   rows: 3
   cols: 1
   dt: f
   data: [ 1.20356372e-02, -1.50634218e-02, 3.14056325e+00 ]
camera_rvecs_49: !!opencv-matrix
   rows: 3
   cols: 1
   dt: f
   data: [ 5.51929418e-03, -2.33798157e-02, -3.14096451e+00 ]
camera_rvecs_50: !!opencv-matrix
   rows: 3
   cols: 1
   dt: f
   data: [ 1.58544704e-02, 7.60491610e-01, 2.88059449e+00 ]
camera_rvecs_51: !!opencv-matrix
   rows: 3
   cols: 1
   dt: f
   data: [ -3.73219326e-02, 3.04756016e-01, -3.05001116e+00 ]
camera_rvecs_52: !!opencv-matrix
   rows: 3
   cols: 1
   dt: f
   data: [ 6.62782863e-02, -1.02021784e-01, -2.36982512e+00 ]
camera_rvecs_53: !!opencv-matrix
   rows: 3
   cols: 1
   dt: f
   data: [ 2.63049096e-01, -5.81429005e-01, -2.44897342e+00 ]
camera_rvecs_54: !!opencv-matrix
   rows: 3
   cols: 1
   dt: f
   data: [ -7.64099360e-02, 2.37983719e-01, -2.25983834e+00 ]
camera_rvecs_55: !!opencv-matrix
   rows: 3
   cols: 1
   dt: f
   data: [ -8.25160183e-03, 7.07264245e-02, -2.31686258e+00 ]
camera_rvecs_56: !!opencv-matrix
   rows: 3
   cols: 1
   dt: f
   data: [ 2.24052876e-01, -5.12494862e-01, -2.44752932e+00 ]
