%YAML:1.0
---
surface_count: 7
surfaces:
   -
      coefficients: !!opencv-matrix
         rows: 6
         cols: 1
         dt: f
         data: [ -0.00289925258, -0.00101651298, -9.35558855e-05,
             -1.73359525, -0.369942814, 121.793686 ]
      rmse: 0.08916647732257843
   -
      coefficients: !!opencv-matrix
         rows: 6
         cols: 1
         dt: f
         data: [ -0.00181284826, -0.000507041812, -3.61049679e-05,
             -1.7319715, -0.247469544, 120.838631 ]
      rmse: 0.088858544826507568
   -
      coefficients: !!opencv-matrix
         rows: 6
         cols: 1
         dt: f
         data: [ -0.000847025774, -0.000174125977, -8.27705298e-06,
             -1.74616218, -0.128964484, 120.050705 ]
      rmse: 0.066240251064300537
   -
      coefficients: !!opencv-matrix
         rows: 6
         cols: 1
         dt: f
         data: [ 0.000113403286, 2.32133079e-05, -1.04505034e-06,
             -1.77672291, -0.0105527285, 119.389877 ]
      rmse: 0.031049052253365517
   -
      coefficients: !!opencv-matrix
         rows: 6
         cols: 1
         dt: f
         data: [ 0.00110384973, -3.96166397e-05, -6.82645441e-06,
             -1.7916373, 0.112226181, 118.526314 ]
      rmse: 0.068817444145679474
   -
      coefficients: !!opencv-matrix
         rows: 6
         cols: 1
         dt: f
         data: [ 0.00209335354, -0.000344505359, -8.73088993e-06,
             -1.7990067, 0.242744491, 116.902222 ]
      rmse: 0.11767718195915222
   -
      coefficients: !!opencv-matrix
         rows: 6
         cols: 1
         dt: f
         data: [ 0.00324967154, -0.000795881439, 1.67099151e-05,
             -1.8334409, 0.378063738, 115.291321 ]
      rmse: 0.12494122982025146
