%YAML:1.0
---
surface_count: 7
surfaces:
   -
      coefficients: !!opencv-matrix
         rows: 6
         cols: 1
         dt: f
         data: [ -0.000285525661, -1.98613125e-05, -8.24500148e-06,
             -0.534050226, -0.189517781, 107.125603 ]
      rmse: 0.076891064643859863
   -
      coefficients: !!opencv-matrix
         rows: 6
         cols: 1
         dt: f
         data: [ -0.000179122901, -4.3559603e-06, 3.23841959e-06,
             -0.528886795, -0.129848361, 108.944443 ]
      rmse: 0.058655496686697006
   -
      coefficients: !!opencv-matrix
         rows: 6
         cols: 1
         dt: f
         data: [ -8.21924987e-05, -2.72679767e-06, 1.7239887e-06,
             -0.523028374, -0.0611808375, 108.552895 ]
      rmse: 0.039698131382465363
   -
      coefficients: !!opencv-matrix
         rows: 6
         cols: 1
         dt: f
         data: [ 1.0467882e-05, -3.43964598e-06, -2.05103788e-06,
             -0.520945132, 0.00851200894, 107.782478 ]
      rmse: 0.035795174539089203
   -
      coefficients: !!opencv-matrix
         rows: 6
         cols: 1
         dt: f
         data: [ 0.000102133839, -4.82063251e-06, -3.02930766e-06,
             -0.523174703, 0.075917758, 107.509163 ]
      rmse: 0.051461189985275269
   -
      coefficients: !!opencv-matrix
         rows: 6
         cols: 1
         dt: f
         data: [ 0.000205889286, -2.12358809e-05, -3.33320463e-06,
             -0.524016976, 0.144290611, 107.082146 ]
      rmse: 0.061994306743144989
   -
      coefficients: !!opencv-matrix
         rows: 6
         cols: 1
         dt: f
         data: [ 0.000307657028, -5.98334263e-05, -1.02907734e-07,
             -0.519847214, 0.212931275, 106.706093 ]
      rmse: 0.062204517424106598
